104642242
104642244
104642246
120620082
124414598
110940932
110940934
116334640
116334642
116334644
17356977
53537631
53537641
53537651
53537661
66326077
66326078
67840452
67840453
67840454
67840455
76460463
76460464
76460465
76460466
84242501
84242503
84242505
13837874
13837875
13837876
13837877
13837878
13837879
13837880
13837881
13837882
13837883
13837884
13837885
13837886
13837887
1226114
1226118
1226126
1226130
1226135
1226140
1226149
1226154
1226159
1226165
1226175
17511687
17511688
17511689
17511690
17511691
17511692
17511693
17511694
1671978
1671982
1671983
1671991
1671994
1671999
1672005
1672008
1672013
1672021
1672023
1672031
1672035
1672044
1767081
1767088
1767111
1767124
1767136
1767150
1767162
1767175
1767193
1767197
3687196
3687197
3687198
3687199
3687200
3687201
3687202
3687203
3687204
3687205
3687206
4041940
4041941
4041942
4041943
4437580
4437581
4437582
4437583
4437584
4437585
4437586
4437587
4437588
4437589
4437590
4437591
97777526
97777528
97777530
97777532
97777534
97777536
97777538
97777540
97777542
97777544
97777546
78478697
78478698
78478699
78478708
78478709
78478711
78478713
79218011
79218013
79218015
79218017
79218019
87423839
87423841
87423843
94964872
94964874
94964876
94964878
94964880
94964882
94964884
103748670
103748672
103748674
103748676
103748678
118348232
118348234
118348236
118348238
118348240
95194744
122599928
122599930
124486326
124486328
76031008
76031009
77384218
77384219
77384220
77384221
77384222
77384223
77384224
77384225
77384226
102405616
102405620
102405624
102405628
108310632
108310634
5641630
5641631
67101984
67101985
67101986
67591970
67591971
67591972
67591973
67592004
67592005
67592006
77856460
77856461
77856462
77856463
78040916
78040917
90165851
90165853
90165855
90165857
90165859
90165861
90165863
90165865
90165867
90165869
90165871
90165873
90165875
90212063
90212065
90242349
107593244
107593246
107593248
107593250
107593252
107593254
107593256
107593258
107593260
107593262
13393290
13393291
118557204
118557206
118557208
118557210
15886894
15886895
15886896
15886897
15886898
15886899
15886900
15886901
15886902
16096456
16096457
16096458
16096459
16096461
16096463
16096465
16096467
16096469
16096470
16096471
16096472
16196043
16196044
16196045
16196046
2129778
2129779
2129780
2129781
2129782
2129783
2129784
2129785
2129786
2129787
2129788
2129789
2129790
2129791
2129910
2129911
2129971
2129972
2129973
2129974
2129975
2129976
2129977
2129978
2129979
2129980
2129981
2129982
2129983
2129984
2134023
2134026
2134028
2134030
2134064
2134065
2134066
2134120
2134122
2134233
2134236
2134238
2134241
2134877
2134878
2134879
2134880
2135054
2135055
2135056
2135153
2135154
2135155
2135156
2135157
2135158
2135159
2135160
2734835
2734836
2734837
2741186
2741187
2741188
69000009
69000010
69000011
69000012
69000013
69001922
69001923
69001924
69001925
69001926
69001927
69001928
69001929
69001930
69001931
69001932
69001933
69018402
69018403
69018404
69018405
69018406
69018407
69018408
71223284
71223285
71223286
71223287
71223288
71223289
71623638
71623639
71623640
71623641
71623642
71623643
71623644
71623645
71623646
71623647
71623648
71623649
75748236
75748237
75748238
75748239
75748240
122016508
122016510
122016512
122016514
122016516
122016518
122016520
122016522
122016524
122016526
122016528
122016530
122016532
1230091
1230099
1230105
1230114
1230120
1230125
1230129
1230137
1230141
14263478
14263479
14263480
14263481
14263482
14263483
14263484
1327665
1327670
1327674
1327680
70299536
70299537
70299538
106152016
106152018
106152020
106152022
106152024
118863862
118863864
34720931
62588997
62588998
63453713
63453714
63453715
65078800
65078801
65078802
65078803
69569639
69569640
69569641
69569642
70697402
70697403
73068173
73068174
73068175
73510170
73510171
76116329
76116331
76116333
83488834
83488836
88172043
88172045
88172047
96432654
96432656
96433620
96433622
96433624
96433626
96433782
96433784
96436732
96436734
96437276
96437278
96437280
96437282
96437284
96437286
63837709
63837710
63837711
63837712
63837713
63837714
63837715
63837716
63837718
63837721
63837723
63837725
118364166
113414172
113414174
113414176
113414178
101165034
101165036
101165038
101165040
101165042
101165044
101165046
101165048
101165050
88578615
88578617
88578619
88578621
88578623
88578625
88578627
108645822
108645826
117039238
117039240
123801528
123801530
64312776
64312777
65768132
65768133
65768134
65768135
81245010
81245012
100003928
100003930
100003932
100003934
100003936
100003938
100003940
100003942
100003944
100003946
100003948
100003950
100003952
100003954
100003956
100003958
100003960
100003962
100003964
100003966
100003968
100003970
100003972
100003974
100003976
100012070
108042748
108042750
108042752
108042754
5705501
5705502
5705503
5705504
5705505
5705506
5705507
5705508
5705509
5705510
5705511
5705512
5705513
5705514
5705515
5705516
5705517
5705519
5705521
5705523
5705524
5705525
69743335
69743336
69743337
69743338
69743339
69743340
69743341
69743342
69743350
69743351
69743352
69743353
69743354
69743355
69743369
69743370
69743371
69743372
69743373
69743374
69743375
69743376
69743377
69743378
69743379
69743384
69743385
69743386
69743387
69743388
69743389
69743390
69743391
69743392
69743393
69743394
69743395
69743396
69743397
69743405
69743406
69743407
69743408
69743409
69743410
69743411
69743412
69743413
69743414
69743415
69743416
69743417
69743418
69743419
69743420
69743421
69743422
69743423
69743424
69743425
69743426
69743427
69743428
69743429
69743430
69743431
69743432
69743433
69743434
69743435
69743436
69743437
69743438
69743439
69743440
69743441
69743442
69743443
69743444
69743445
69743446
69743447
69743448
69743449
69743450
69743451
69743452
69743453
69743454
69743455
69743456
69743457
69743458
69743459
69743460
69743461
69743462
69743463
69743464
69743465
69743466
69743467
69743468
69743469
69743470
69743471
69743472
69743473
69743474
69743475
69743476
69743477
69743478
69743479
69743480
69779494
69779495
69779496
69779497
69779520
69779524
69779525
69779526
69779527
69779528
69779529
69779530
69779531
69779532
69779533
69779534
69779535
69779536
69779537
69779538
69779539
69779540
69779541
69779542
69779543
69779544
69779545
69779546
69779547
69779548
69779549
69779550
69779551
69779552
69779553
69779554
69779555
69779556
69843001
69843002
69843003
70683038
71511037
71511038
71511039
549498
549499
549500
549501
549502
549503
549504
549505
549506
549507
549508
549509
549510
549511
549512
549513
549514
549515
116771178
120310290
121448582
121448584
121448586
121448588
121630400
121630402
121630404
123186796
123186798
124701800
124701802
124701804
124701806
124701808
124701810
124701812
124701814
124701816
124701818
124701820
124701822
124701824
124701826
124701828
124701830
69002097
69002098
69002099
69002100
69002101
69002102
69002103
69002104
69002105
69002106
69002107
69002108
69002109
69002110
69002111
72363261
72363262
72363263
72363264
72363265
72363266
72363267
72363268
72363269
72363270
72363271
72363272
72363273
72363274
72363275
72363276
72363277
72363278
72363279
72363280
72363281
72363282
72363283
72363284
72363285
72363286
72363287
72363288
72363289
72363290
72363291
72363292
72363293
72363387
72363388
72363389
72363390
72363391
72363392
72363393
72363394
72363395
72363396
72363397
72363398
72363399
72363400
72363401
72363402
72363403
72363404
72363405
72363406
72363407
72363408
72363409
72363410
72363411
72363412
72363413
72363414
72363415
72363416
72363417
72363418
72363419
72363420
72525483
72525484
72525485
9618698
9618699
9618700
9618701
9618702
9618703
9618704
9618705
9618706
9618707
115014754
4637578
4637579
4637580
4637581
4637582
4637583
4637584
4637585
4637586
4637587
4637588
4637589
4637590
4637591
4637592
4637593
4637594
4637595
4637596
4637597
4637598
5271327
5271328
5271329
5271330
5271331
5271332
5271333
5271334
5271335
81280554
81280556
81280558
81280560
81280562
81280564
81280566
81280568
81280570
81280572
81280574
81280576
81280578
81280580
81280582
81280584
81280586
81280588
81280590
14791982
14791983
14791984
14791985
14791986
14791987
14791988
14791989
14791990
14791991
74318247
74318248
77170915
77170916
77170917
77170918
77170919
77170920
110891194
110891196
110891198
93026294
95060050
95060052
95060054
95060056
95060058
95060060
95060062
95060064
95060066
95060068
95060070
95060072
95556480
95556482
95556484
5209521
5209522
5209523
5209524
6244040
6244041
6244042
6244043
121881202
82851916
82851918
82851920
82851922
82851924
123480968
82418200
82418202
82418204
82418206
82418208
61158755
61158756
61158757
64687749
64687750
64687751
64687752
72463295
72463296
72463297
73605499
73605500
75757194
75757195
75757196
75757197
91709374
91709376
91709378
96977228
96977230
96977232
13793052
13793053
13793054
13793055
13793056
13793057
13793058
13793059
13793060
13793061
13793062
13793063
13793064
13793065
13793066
13793067
13793068
13793069
13793070
124237616
124237618
124237620
124237622
124237624
124237626
124237628
124237630
124237632
124237634
124237636
124237638
124237640
124237642
124237644
124237646
124237648
65631305
65631306
65631307
65631308
65631309
65631310
65631311
65631312
65631313
65631314
103035400
105228584
108258886
108258888
108258890
108258892
108258894
108258896
108258898
108258900
108258902
108258904
108258906
110958646
110958648
110958650
110958652
110958654
110958656
110958658
110958660
110958662
110958664
10186831
10186832
10186833
10186834
10186835
10186836
10186837
10186838
10186839
10186840
10186841
10186842
896460
896462
896464
896466
896469
896471
896473
896475
896476
896479
896480
896482
896484
896486
896489
896492
103370042
103370044
103370046
103370048
103370050
103370052
103370054
104437184
105324984
105324986
105324988
105324990
105324992
105324994
105324996
105324998
105325000
105325002
105325004
105325006
105325008
105325010
106451312
106451314
106451316
106451318
106451320
106451322
106451324
106451326
106451328
106451330
106451332
106451334
106451336
106451338
106451340
106451342
106451344
106451346
106451348
106451350
106451352
106451354
106451356
106451358
106451360
106451362
106451364
106451366
106451368
106451370
106451372
106451374
106451376
106451378
106451380
106451382
106451384
106451386
106451388
106451390
106451392
106451394
106451396
106451398
106451400
106451402
106451404
106451406
106451408
106451410
106451412
106451414
106451416
106451418
106451420
106451422
106451424
106451426
106451428
106451430
106451432
106451434
106451436
106451438
106451440
106451442
106451444
106451446
106451448
106451450
106451452
106451454
106451456
106451458
106451460
106451462
106451464
106451466
106451468
106451470
106451472
106451474
106451476
106451478
106451480
106451482
106451484
106451486
106451488
106451490
106451492
109703640
109703642
109703644
109703646
109703648
109703650
109703652
109703654
109703656
109703658
109703660
109703662
109703664
109703666
109703668
109703670
109703672
119436584
119436586
123783592
124186228
124186230
124186232
124186234
124186236
124186238
124186240
124186242
124186244
124186246
124186248
124186250
124186252
124186254
124186256
124186258
124186260
124186262
124186264
8078229
8078230
8078231
8078232
8078233
8078234
8078235
8078236
8078237
8078238
8078239
8078240
8078241
8078242
8078243
8078244
98917038
98917040
98917042
65120286
65120287
65120288
65120289
65120290
65120291
65120292
65120293
67751723
67751724
82534770
101838289
101838291
101838293
101838295
101838297
101838299
101838301
101838303
101838305
101838307
101838309
101838311
101838313
106814396
109199562
109199564
109199566
109199568
109199570
109199572
116200206
116200208
116200210
116200212
116200214
116200216
116200218
96407062
97213888
97213890
97213892
97213894
97213896
97213898
97213900
97213902
97213904
97213906
97213908
97213910
97213912
97213914
97213916
97213918
97213920
97213922
97213924
97213926
97213928
97213930
10936230
10936231
10936232
10936233
10936234
10936235
11122118
11122119
11122120
11122121
11122122
11122123
11122124
11122125
11122126
11122127
11377829
11377830
11377831
12020357
12020358
12020359
12020360
12020361
12020362
12020363
12020364
12020365
12020366
12020367
12020368
12020369
12020382
12020383
12020384
12020385
12020386
12020387
12020388
12020389
12020390
12020391
12020392
12020393
12020394
12020395
12020396
12190103
12190104
12190105
12190106
12190107
12190108
12190109
12190110
12510835
12510837
12510838
12510839
12510840
12510841
12510842
12510843
12510844
12510845
12510836
12586888
12586889
12586890
12586891
12586892
12586893
12586894
12586895
12586896
13061195
13061196
13061197
13061198
124173536
2968057
2968058
2968059
4647508
4647509
4647511
4647513
4647642
4647645
4649251
4649252
4649253
4652223
4652224
4652226
4652228
4652229
4787191
4787192
4787193
768524
768533
768543
768554
768565
768579
768590
768602
768616
768627
768638
768655
768670
874147
874148
10911982
10911983
10911984
10911985
10911989
10911990
10911991
10911992
10911996
10911997
10911998
10911999
10912003
10912004
10912005
10912006
11519621
11519622
11519623
11519624
11519625
11519626
11519627
11519628
11519629
11519630
11519631
11519632
107525598
107525600
107525602
107525604
107525606
107525608
107525610
107525612
107525614
107525616
107525618
107525620
107525622
12267217
12267218
12267356
12267357
13399636
108771336
66196408
66196409
67032344
67032345
85743944
85743946
85743948
85743950
85743952
10522498
10522499
10522500
10522501
10522502
10522503
10522504
10522505
10522506
10522507
10522508
10522509
10522510
10522511
10522512
10522513
10522514
10522515
10588161
10588162
10713215
10713216
10713217
10713218
10714439
10714440
10740287
10740288
10760326
10760327
105604596
116815248
113424720
117240112
118204802
118204804
118204806
118204808
98817700
98817702
98817704
98817706
98817708
98817710
98817712
98817714
98817716
98817718
3780532
3780533
3780534
3780535
3780536
3780537
3780538
3780539
3780540
3780541
3780542
3780543
3780544
3780545
3781914
3781915
3781916
3845860
3845861
3845862
3845863
3845864
3845865
3845866
3845867
3845868
3845869
3845870
3845871
3845872
3845873
3845874
3845875
3845876
3845877
3845878
3845879
3845880
3845881
3845882
3850428
3850429
3850430
3850431
3850432
3850433
3850434
3850435
3850436
3850437
3850438
3850439
3962013
3962014
3962015
3962016
3963585
3963586
3963587
3963588
62266763
62266764
62266765
62266766
62266767
62266768
62266769
62266770
62266771
62266772
62266773
62266774
62266775
62266776
62266777
62266778
62266779
62266780
62266781
62266782
62266783
62266784
62266785
62266786
62266787
62266788
62266789
62266790
62266791
75314428
75314429
75314430
75314431
75314432
75314433
75314434
75314436
75314438
118664576
118664578
119759188
119759190
119823300
119823304
77863072
77863075
93019144
93019146
93019148
93019150
111156634
111156636
111156638
111156640
111156642
111156644
111156646
111156648
111156650
111156652
111156654
111156656
111156658
111156660
111156662
111156664
111156666
111156668
111156670
111156672
111156674
111156676
111156678
111156680
111156682
111156684
111156686
111156688
111156690
111156692
62264407
62264408
62264409
62264410
62264411
108542904
108542906
108542908
108542910
108542912
108542914
108542916
108542918
108542920
108542922
16205743
16205744
16205745
16205746
16205747
43473721
43473731
43473741
64015750
64015751
64015752
64015753
64015754
64015755
64015756
64015757
64015758
64015759
69995405
69995406
69995407
94983632
94983634
94983636
100292266
100292268
100292270
100292272
102119740
102119742
102119744
102119746
67492794
67492795
67492796
67492797
67492798
67492799
67492800
67492801
67492802
67492803
67492804
67492805
79789088
79789090
79789092
79789094
79789096
79789098
79789100
79789102
79789104
79789684
79789686
79789688
79789690
79789692
79789694
79789696
79789698
79789700
79789702
79789704
86176823
86176825
86176827
86176829
86176831
96128054
96128056
96128058
96128060
68433737
107752514
107752516
107752518
107752520
107752522
107752524
107752526
107752528
107752530
107752532
107752534
107907786
107907788
107907790
107907792
107907794
107907796
107907798
107907800
108114194
108114196
108114198
108114200
108114202
108114204
108114206
108114208
108114210
108114212
108114214
124468882
124468884
124468886
124468888
124468890
124468892
124468894
124468896
124468898
124468900
124468902
124468904
124468906
124468908
124468910
124468912
124468914
124468916
124468918
124468920
124468922
124468924
5093939
5093940
5093941
5093942
5093943
5093944
5093945
5093946
5093947
5093948
5093949
5093950
5093951
5093952
5093953
5093954
5093955
5093956
5093957
5093958
5093959
5093960
5093961
5093962
5093963
5093964
5093965
5093966
5093967
5093968
5093969
5093970
697318
697321
697327
697330
697334
697339
697343
697347
697352
697357
705993
705996
706001
706007
706012
706016
706021
706025
706027
706029
706033
706039
706045
706046
706051
706055
100408196
105128466
105128468
105128470
105128472
105768022
105768024
105768026
105768028
105768030
105768032
105768034
105768036
105768038
105768040
106399058
98080202
99515450
100456418
100456420
100456422
100456424
100456426
100456428
100456430
100456432
100456434
100456436
77836344
82414902
82414904
106800584
109795332
111120660
111971034
111971036
111971038
111971040
111971042
111971044
111971046
111971048
111971050
111971052
111971054
111971056
6311679
6311680
6311681
6311682
6311683
6311684
6311685
6311686
71051510
71051511
71051512
71051513
71051514
71051515
71051516
71051517
71051518
71051519
7645428
7645429
72755235
72755236
72755237
72755238
72755239
72755240
72755241
72755242
72755243
72755244
72755245
72755246
72755247
72836172
72836173
72836174
72836175
72836176
72836177
72836178
72836179
72836180
72836181
72836182
72836183
72836184
72836185
72836186
72836187
72836188
72836189
72836190
72836191
77403364
77403365
77403366
77403367
77403368
77403369
77403370
77403371
77403372
77403373
77403396
77403397
77403398
77403399
73753293
73753294
73753295
106315416
106315418
106315420
106315422
106315424
106315426
106315428
106315430
106315432
106315434
10237027
10237028
10237029
10237030
10237031
10237032
10237033
10237034
10237035
10237036
10984896
10984897
10984898
10984899
10984900
10984901
10984902
10984903
10984904
10984905
10984906
10984907
10986717
10986718
10986719
10986720
11501896
11501897
11501898
11501899
102610220
111536910
112696156
112824980
112824982
118943956
118943958
118943960
118943962
118943964
118943966
118943968
118943970
118943972
118943974
118943976
118943978
17695134
17695135
17695136
17695137
17695138
18181612
18181613
18181614
18181615
18181616
18181617
18181618
18181619
18181620
18181621
18181622
39055051
39055061
39055071
14351588
14351589
14351590
14351591
14351592
71757028
71757029
71757030
71757031
71757032
71757033
71757034
71757035
71757036
71757037
106562380
106562382
106562384
106562386
106562388
106562390
106562392
106562394
106562396
106562398
106562400
106562402
106562404
106562406
106562408
118366344
118366346
118366348
118366350
118366352
118366354
118366356
112538252
112538254
112538256
112538258
117350244
117350246
117350248
117350250
117350252
89990815
74261655
74261656
74261657
74261658
74261659
74261660
98498290
98901640
118946718
122966258
123861854
123861856
123861858
123861860
123861862
123861864
123861866
123861868
123861870
123861872
123861874
123861876
68021187
68021188
77569402
78808477
78808481
78808482
78808483
78808484
78808485
78808491
78808492
78808493
78808494
78808495
78808529
78808530
78808531
78808532
78808533
78808534
78808535
78808536
78808537
78808538
78808539
78808540
78808541
78808542
78808543
78808544
78808545
78808661
78808681
78808682
78808683
78808684
78808685
78808686
78808687
78808688
78808689
78808690
78808691
78808692
78808693
78808694
97155886
97155888
97155890
97155892
97155894
97155896
97155898
97155900
97155902
97155904
97155906
97155908
124308080
124308082
124308084
124308086
125701800
74264152
74264153
74264154
74264155
74264156
74264157
74264158
74264159
74264160
74264161
74264162
81316680
81316682
81316684
81316686
81316688
81316690
81316692
81316694
81316696
81316698
81316700
81316702
81316704
81316706
81316708
81316710
81316712
81316714
81316716
81316718
81316720
81316722
81316724
81316726
113669340
113669342
42197401
42197411
42197421
42197431
42197441
42197451
42197461
42197471
42197481
42197491
42197501
42197511
42197521
42197531
42197541
42197551
42197561
42197571
42197581
42197591
42197601
42197611
42197621
42197631
42197641
42197651
42197661
42197671
42197681
42197691
42197701
42197711
42197721
42197731
42197741
42197751
42197761
42197771
42197781
42197791
42197801
42197811
42197821
42197831
42197841
42197851
42197861
42197871
42197881
42197891
42197901
42197911
42197921
42197931
42197941
42197951
42197961
42197971
42197981
42197991
42198001
42198011
42198021
42198031
42198041
42198051
42198061
42198071
42198081
42198091
42198101
42198111
42198121
42198131
42198141
42198151
42198161
42198171
42198181
107289038
107289040
90375073
90375075
90375077
90375079
90375081
96341154
122859278
122859280
122859282
122859284
122859286
122859288
122859290
122859292
122859294
122859296
3049675
3049676
3049677
3049678
3049679
3049680
3049681
3049682
3049683
5028088
5028089
5028090
5028091
5028092
5028093
5028094
5028095
5028096
5028097
5028098
5028099
5028100
862309
862310
862311
862312
862313
88890345
88890347
88890349
88890351
106238698
106238700
106238702
106238704
106238706
106238708
106238710
106238712
106238714
69007228
69007229
69007230
69007231
69007232
69007233
69007234
69007235
69007236
69007237
107812444
107812446
107812448
107812450
107812452
107576318
107606386
109232258
111257934
119185486
119185488
120434042
72023964
72023965
72023966
72023967
92591142
92591144
92591146
92591148
12087730
12087731
12087732
12087733
12087734
12087735
12087736
110931512
110931514
110931516
18212333
18212334
18212335
18212336
18212337
18212338
18212339
18212340
18212341
44775221
44775231
44775241
44775251
44775261
44775271
44775281
44775291
44775301
44775311
44775321
6453094
6453095
6453096
6453097
6453098
6453099
6453100
6453101
6453102
6453103
6453104
63638915
63638916
63638917
63638918
63638919
63638920
63638921
63813179
63813180
63813181
63813182
63813183
63813184
63813185
63813186
65498270
65498271
65498272
65498273
65498274
65498275
65617165
65617166
65617167
65617168
65617169
65617170
66504579
66504580
66504581
66504582
66504583
66504584
66504585
66504586
66504587
118421934
120350916
120351972
120351974
120351976
120351978
120351980
120351982
120351984
120351986
120351988
120351990
120351992
120351994
120352044
120352046
120352048
123592694
123592696
123592698
123592700
123592702
123592704
123592706
123592708
123592710
123592712
123592714
123592716
123592718
123592720
123592722
123592724
123592726
123592728
123592730
86596253
86596255
86596257
86596259
86596261
86596263
86596265
86596267
86596269
86596271
86596273
86596275
86596277
